21
50.00 50.00 0.0275 0.00 0.35 0.35 P 0.00 3.868139684339690021
50.00 50.00 0.0275 0.00 0.45 0.40 P 0.00 5.357679302072459571
50.00 50.00 0.0275 0.00 0.65 0.75 P 0.00 10.465757413348100613
50.00 60.75 0.0275 0.00 0.05 0.05 P 0.00 10.666526151422399238
50.00 60.75 0.0275 0.00 0.15 0.15 P 0.00 10.500358525566500845
50.00 60.75 0.0275 0.00 0.25 0.25 P 0.00 10.533352432665900267
50.00 60.75 0.0275 0.00 0.35 0.35 P 0.00 11.317468853380699301
50.00 60.75 0.0275 0.00 0.45 0.40 P 0.00 12.513285685081099174
50.00 60.75 0.0275 0.00 0.65 0.75 P 0.00 17.450036828799401434
50.00 60.75 0.0275 0.00 0.25 0.25 P 0.00 10.533352432665900267
50.00 60.75 0.0275 0.00 0.35 0.35 P 0.00 11.317468853380699301
50.00 60.75 0.0275 0.00 0.45 0.40 P 0.00 12.513285685081099174
100.00 110.00 0.1000 0.00 0.25 0.50 C 0.00 5.123575416865319809
100.00 110.00 0.1000 0.00 0.25 1.00 C 0.00 10.160055944516599880
100.00 90.00 0.1000 0.00 0.50 0.10 C 0.00 12.919509619564699676
100.00 90.00 0.1000 0.00 0.50 0.50 C 0.00 21.438280655724401669
100.00 90.00 0.1000 0.00 0.50 1.00 C 0.00 28.643647264488201643
100.00 100.00 0.1000 0.00 0.50 0.10 C 0.00 6.779936664291260406
100.00 100.00 0.1000 0.00 0.50 0.50 C 0.00 16.263193147074300526
100.00 100.00 0.1000 0.00 0.50 1.00 C 0.00 23.926745214162700393
100.00 110.00 0.1000 0.00 0.50 0.10 C 0.00 3.061909566605539812
